-95.324059
-1005.584778
85.428200
215.005432
122.678337
-181.775436
-30.069216
-130.642639
142.020279
-180.475113
-17.788658
-20.527847
-91.017021
-98.681793
85.528473
140.480988
-6.331419
-217.566757
18.289274
27.128950
-12.138540
-20.404194
-14.721573
-62.726902
13.626005
-43.196198
76.745834
37.641758
19.583174
81.466408
6.765515
-41.252304
6.481349
33.883453
29.719227
45.039902
-0.635043
74.192146
-16.319170
12.349882
-34.749413
-23.636629
-17.095383
34.802006
4.640523
31.224291
16.456226
32.834103
18.288774
19.574051
-74.336815
26.049576
49.627098
-23.056860
-11.503669
51.100349
48.890087
-13.085652
-15.207378
-13.083039
-49.049088
-16.050116
-20.160402
-18.854311
42.430599
-17.182766
-34.312996
18.905067
0.787488
46.153236
1.347566
-12.067401
19.403059
-8.132955
34.906010
-18.047396
2.807401
-15.355011
13.937596
8.691028
13.305211
3.214530
-19.913397
-13.847560
18.635210
27.530029
-40.050213
60.307888
17.473652
41.379234
0.690624
-1.143483
-28.913307
-19.577070
6.016714
35.620277
-24.682665
22.366856
5.600884
-6.281518
-113.632774
114.908012
-356.742676
-130.002258
-77.560600
121.191704
-58.852665
-25.554005
1.483896
-146.147675
56.474140
-127.932167
-26.424173
-18.392700
-122.419609
-55.582832
-89.294586
-41.216961
-27.153151
-30.256618
-39.931660
-22.785339
-34.375591
-86.521454
-44.793777
39.031406
-16.204374
-42.134155
27.378832
14.288984
15.803846
20.294638
-1.620620
19.826921
4.831429
-4.289610
21.239738
6.086824
16.353024
14.198726
-23.476824
12.208192
-10.527682
20.628225
10.669352
6.123059
-6.306460
6.382085
-1.779495
6.799709
-16.082512
11.132627
-22.708042
-7.599680
1.583922
4.865653
0.537381
5.957688
-13.532400
3.392694
4.382923
-10.098727
-2.806206
-1.042648
-9.325711
0.680537
-14.517042
-3.622647
-5.583275
5.975405
-7.917331
-2.512021
8.313853
5.886101
-3.273399
-4.327704
1.314541
-3.113879
-2.643734
-0.009459
-0.042063
-0.010395
0.861814
-3.509676
-601.549377
2140.000000
300.000000
400.000000
